352	FT911-3618	1	0.183266
352	FT911-3246	2	0.173727
352	FT911-4701	3	0.148786
352	FT911-2267	4	0.127500
352	FT911-63	5	0.126946
352	FT911-3053	6	0.119394
352	FT911-91	7	0.116026
352	FT911-4606	8	0.115914
352	FT911-3710	9	0.115501
352	FT911-5179	10	0.114880
352	FT911-4247	11	0.113752
352	FT911-3866	12	0.112225
352	FT911-4818	13	0.108782
352	FT911-437	14	0.108518
352	FT911-1087	15	0.105014
352	FT911-1674	16	0.102958
352	FT911-1174	17	0.101464
352	FT911-2002	18	0.100533
352	FT911-2280	19	0.098339
352	FT911-4687	20	0.097200
352	FT911-417	21	0.096322
352	FT911-3772	22	0.095266
352	FT911-1768	23	0.092683
352	FT911-5072	24	0.092641
352	FT911-1582	25	0.091765
352	FT911-3651	26	0.090679
352	FT911-2093	27	0.090411
352	FT911-2046	28	0.089830
352	FT911-2510	29	0.089267
352	FT911-4447	30	0.088597
352	FT911-2560	31	0.086330
352	FT911-4339	32	0.084935
352	FT911-2751	33	0.084785
352	FT911-1563	34	0.084731
352	FT911-2803	35	0.084036
352	FT911-2138	36	0.083276
352	FT911-5027	37	0.083178
352	FT911-2549	38	0.082440
352	FT911-3387	39	0.082117
352	FT911-39	40	0.081479
352	FT911-519	41	0.081370
352	FT911-2581	42	0.081262
352	FT911-2154	43	0.081156
352	FT911-910	44	0.081103
352	FT911-2222	45	0.079596
352	FT911-2931	46	0.078663
352	FT911-3106	47	0.078342
352	FT911-4821	48	0.078170
352	FT911-1462	49	0.076692
352	FT911-3432	50	0.076589
352	FT911-4033	51	0.076507
352	FT911-3345	52	0.076237
352	FT911-4769	53	0.075714
352	FT911-3370	54	0.075549
352	FT911-4762	55	0.074706
352	FT911-3673	56	0.074683
352	FT911-1668	57	0.074374
352	FT911-2832	58	0.074347
352	FT911-3261	59	0.074337
352	FT911-2740	60	0.074335
352	FT911-3132	61	0.073958
352	FT911-4948	62	0.073707
352	FT911-3059	63	0.073402
352	FT911-2599	64	0.073261
352	FT911-3923	65	0.072936
352	FT911-1436	66	0.072581
352	FT911-4345	67	0.072578
352	FT911-279	68	0.072310
352	FT911-3858	69	0.072136
352	FT911-2005	70	0.072108
352	FT911-4914	71	0.071633
352	FT911-3393	72	0.071198
352	FT911-1362	73	0.071134
352	FT911-2876	74	0.071062
352	FT911-4814	75	0.070950
352	FT911-802	76	0.070435
352	FT911-413	77	0.070214
352	FT911-2281	78	0.070182
352	FT911-4348	79	0.070165
352	FT911-2756	80	0.069994
352	FT911-259	81	0.069922
352	FT911-2874	82	0.069910
352	FT911-289	83	0.069842
352	FT911-3478	84	0.069782
352	FT911-2584	85	0.069533
352	FT911-1888	86	0.069254
352	FT911-5022	87	0.069206
352	FT911-2306	88	0.069115
352	FT911-2530	89	0.069065
352	FT911-4561	90	0.068958
352	FT911-650	91	0.068627
352	FT911-4783	92	0.068047
352	FT911-3708	93	0.067954
352	FT911-2882	94	0.067933
352	FT911-2580	95	0.067643
352	FT911-851	96	0.067218
352	FT911-3540	97	0.066939
352	FT911-4812	98	0.066903
352	FT911-2052	99	0.066808
352	FT911-1194	100	0.066606
352	FT911-328	101	0.066551
352	FT911-2622	102	0.066370
352	FT911-4641	103	0.066296
352	FT911-3503	104	0.066275
352	FT911-2634	105	0.066269
352	FT911-2095	106	0.066095
352	FT911-2635	107	0.066019
352	FT911-900	108	0.066005
352	FT911-834	109	0.064938
352	FT911-4591	110	0.064818
352	FT911-1901	111	0.064753
352	FT911-5189	112	0.064742
352	FT911-783	113	0.064741
352	FT911-1031	114	0.064546
352	FT911-4337	115	0.064332
352	FT911-4321	116	0.064189
352	FT911-705	117	0.064060
352	FT911-1384	118	0.064018
352	FT911-5085	119	0.063701
352	FT911-3153	120	0.063245
352	FT911-331	121	0.063037
352	FT911-3681	122	0.063015
352	FT911-2332	123	0.062931
352	FT911-3522	124	0.062913
352	FT911-3133	125	0.062839
352	FT911-1857	126	0.062775
352	FT911-1488	127	0.062664
352	FT911-3922	128	0.062505
352	FT911-3662	129	0.062211
352	FT911-2300	130	0.062203
352	FT911-967	131	0.061914
352	FT911-1512	132	0.061778
352	FT911-2934	133	0.061687
352	FT911-4741	134	0.061360
352	FT911-552	135	0.061301
352	FT911-2639	136	0.061231
352	FT911-555	137	0.061050
352	FT911-951	138	0.061032
352	FT911-586	139	0.061027
352	FT911-2014	140	0.061010
352	FT911-635	141	0.061006
352	FT911-4125	142	0.060888
352	FT911-3947	143	0.060732
352	FT911-3339	144	0.060726
352	FT911-2779	145	0.060455
352	FT911-4044	146	0.060224
352	FT911-4438	147	0.060175
352	FT911-3630	148	0.059933
352	FT911-4009	149	0.059852
352	FT911-3561	150	0.059778
352	FT911-404	151	0.059745
352	FT911-3641	152	0.059626
352	FT911-535	153	0.059184
352	FT911-5096	154	0.059149
352	FT911-3688	155	0.059067
352	FT911-4067	156	0.058977
352	FT911-1438	157	0.058967
352	FT911-3605	158	0.058643
352	FT911-1062	159	0.058577
352	FT911-3700	160	0.058543
352	FT911-2461	161	0.058517
352	FT911-4421	162	0.058349
352	FT911-4665	163	0.058305
352	FT911-565	164	0.058223
352	FT911-2831	165	0.058204
352	FT911-4864	166	0.058158
352	FT911-3933	167	0.058141
352	FT911-5319	168	0.057992
352	FT911-2289	169	0.057883
352	FT911-3521	170	0.057789
352	FT911-2018	171	0.057783
352	FT911-4270	172	0.057619
352	FT911-3278	173	0.057521
352	FT911-4031	174	0.057435
352	FT911-540	175	0.057120
352	FT911-5153	176	0.056885
352	FT911-3135	177	0.056804
352	FT911-3535	178	0.056770
352	FT911-2767	179	0.056452
352	FT911-2948	180	0.056174
352	FT911-2407	181	0.056136
352	FT911-440	182	0.056085
352	FT911-3818	183	0.056052
352	FT911-1243	184	0.055792
352	FT911-2718	185	0.055756
352	FT911-1918	186	0.055650
352	FT911-42	187	0.055520
352	FT911-3886	188	0.055507
352	FT911-4227	189	0.055080
352	FT911-5186	190	0.054961
352	FT911-2176	191	0.054895
352	FT911-3050	192	0.054735
352	FT911-4784	193	0.054431
352	FT911-721	194	0.054429
352	FT911-3149	195	0.054345
352	FT911-1102	196	0.054301
352	FT911-3936	197	0.054208
352	FT911-4772	198	0.054169
352	FT911-3905	199	0.054133
352	FT911-2290	200	0.054081
352	FT911-2054	201	0.053969
352	FT911-4649	202	0.053957
352	FT911-4095	203	0.053917
352	FT911-2116	204	0.053897
352	FT911-857	205	0.053869
352	FT911-916	206	0.053747
352	FT911-4786	207	0.053732
352	FT911-4942	208	0.053694
352	FT911-338	209	0.053614
352	FT911-4767	210	0.053370
352	FT911-3767	211	0.053325
352	FT911-3220	212	0.053197
352	FT911-4309	213	0.053184
352	FT911-3194	214	0.053113
352	FT911-3079	215	0.053082
352	FT911-4050	216	0.052937
352	FT911-2192	217	0.052929
352	FT911-4074	218	0.052898
352	FT911-3529	219	0.052765
352	FT911-2573	220	0.052752
352	FT911-3052	221	0.052487
352	FT911-4727	222	0.052485
352	FT911-4293	223	0.052403
352	FT911-4896	224	0.052371
352	FT911-306	225	0.052369
352	FT911-2919	226	0.052352
352	FT911-1774	227	0.052346
352	FT911-3753	228	0.052344
352	FT911-1	229	0.052291
352	FT911-977	230	0.052261
352	FT911-2201	231	0.052219
352	FT911-1595	232	0.052176
352	FT911-1619	233	0.052048
352	FT911-659	234	0.052021
352	FT911-3170	235	0.052000
352	FT911-1407	236	0.051909
352	FT911-5063	237	0.051816
352	FT911-3968	238	0.051816
352	FT911-1930	239	0.051814
352	FT911-2383	240	0.051685
352	FT911-5019	241	0.051608
352	FT911-3635	242	0.051573
352	FT911-2405	243	0.051524
352	FT911-4636	244	0.051510
352	FT911-4792	245	0.051475
352	FT911-2451	246	0.051456
352	FT911-1666	247	0.051333
352	FT911-3414	248	0.051282
352	FT911-3349	249	0.051267
352	FT911-680	250	0.051058
352	FT911-4372	251	0.050960
352	FT911-5200	252	0.050952
352	FT911-1856	253	0.050833
352	FT911-4381	254	0.050692
352	FT911-1360	255	0.050633
352	FT911-1576	256	0.050619
352	FT911-1578	257	0.050619
352	FT911-794	258	0.050549
352	FT911-4569	259	0.050175
352	FT911-429	260	0.050056
352	FT911-2929	261	0.050000
352	FT911-2621	262	0.049950
352	FT911-2569	263	0.049836
352	FT911-1122	264	0.049807
352	FT911-3853	265	0.049682
352	FT911-3775	266	0.049556
352	FT911-563	267	0.049418
352	FT911-3269	268	0.049351
352	FT911-4579	269	0.049166
352	FT911-2453	270	0.049153
352	FT911-281	271	0.049119
352	FT911-4608	272	0.049036
352	FT911-2514	273	0.049015
352	FT911-5281	274	0.048952
352	FT911-4595	275	0.048928
352	FT911-4798	276	0.048831
352	FT911-4588	277	0.048757
352	FT911-3534	278	0.048658
352	FT911-5098	279	0.048645
352	FT911-1089	280	0.048581
352	FT911-3215	281	0.048563
352	FT911-908	282	0.048551
352	FT911-3302	283	0.048549
352	FT911-506	284	0.048503
352	FT911-3254	285	0.048428
352	FT911-3632	286	0.048324
352	FT911-1828	287	0.048321
352	FT911-3157	288	0.048209
352	FT911-3091	289	0.048126
352	FT911-1921	290	0.048109
352	FT911-4059	291	0.048048
352	FT911-1260	292	0.048041
352	FT911-1872	293	0.047884
352	FT911-4479	294	0.047866
352	FT911-4362	295	0.047843
352	FT911-2828	296	0.047796
352	FT911-625	297	0.047762
352	FT911-1760	298	0.047752
352	FT911-5238	299	0.047600
352	FT911-801	300	0.047512
352	FT911-5356	301	0.047447
352	FT911-1712	302	0.047323
352	FT911-1067	303	0.047229
352	FT911-156	304	0.047116
352	FT911-3265	305	0.047091
352	FT911-791	306	0.046991
352	FT911-1986	307	0.046983
352	FT911-3104	308	0.046856
352	FT911-3358	309	0.046684
352	FT911-3910	310	0.046608
352	FT911-3786	311	0.046596
352	FT911-274	312	0.046580
352	FT911-352	313	0.046468
352	FT911-105	314	0.046418
352	FT911-2292	315	0.046384
352	FT911-1766	316	0.046307
352	FT911-4036	317	0.046234
352	FT911-3745	318	0.046165
352	FT911-4986	319	0.046118
352	FT911-2180	320	0.045977
352	FT911-1529	321	0.045955
352	FT911-4643	322	0.045951
352	FT911-182	323	0.045914
352	FT911-4040	324	0.045820
352	FT911-3191	325	0.045816
352	FT911-4816	326	0.045715
352	FT911-870	327	0.045644
352	FT911-341	328	0.045341
352	FT911-5245	329	0.045336
352	FT911-1065	330	0.045330
352	FT911-4668	331	0.045318
352	FT911-4980	332	0.045194
352	FT911-3761	333	0.045126
352	FT911-5269	334	0.044724
352	FT911-2388	335	0.044708
352	FT911-4859	336	0.044672
352	FT911-137	337	0.044639
352	FT911-2457	338	0.044426
352	FT911-3509	339	0.044413
352	FT911-1222	340	0.044311
352	FT911-4958	341	0.044278
352	FT911-3713	342	0.044227
352	FT911-787	343	0.044148
352	FT911-4328	344	0.044075
352	FT911-1066	345	0.044034
352	FT911-4887	346	0.043971
352	FT911-2763	347	0.043968
352	FT911-765	348	0.043875
352	FT911-2468	349	0.043839
352	FT911-5074	350	0.043821
352	FT911-510	351	0.043785
352	FT911-2672	352	0.043652
352	FT911-3491	353	0.043636
352	FT911-664	354	0.043368
352	FT911-131	355	0.043349
352	FT911-2107	356	0.043305
352	FT911-3276	357	0.043273
352	FT911-3718	358	0.043233
352	FT911-3259	359	0.043232
352	FT911-399	360	0.043214
352	FT911-460	361	0.043174
352	FT911-4620	362	0.043069
352	FT911-95	363	0.042882
352	FT911-3241	364	0.042861
352	FT911-4043	365	0.042711
352	FT911-3867	366	0.042692
352	FT911-125	367	0.042483
352	FT911-533	368	0.042421
352	FT911-746	369	0.042331
352	FT911-3833	370	0.042269
352	FT911-2415	371	0.042197
352	FT911-433	372	0.042128
352	FT911-5353	373	0.042068
352	FT911-3727	374	0.042018
352	FT911-2540	375	0.042010
352	FT911-3661	376	0.041891
352	FT911-1261	377	0.041725
352	FT911-3938	378	0.041694
352	FT911-4799	379	0.041640
352	FT911-2968	380	0.041596
352	FT911-1892	381	0.041480
352	FT911-84	382	0.041399
352	FT911-2145	383	0.041398
352	FT911-4564	384	0.041375
352	FT911-4120	385	0.041354
352	FT911-4112	386	0.041348
352	FT911-654	387	0.041329
352	FT911-1651	388	0.041247
352	FT911-2060	389	0.041102
352	FT911-2644	390	0.041076
352	FT911-4748	391	0.041015
352	FT911-1941	392	0.040922
352	FT911-5246	393	0.040880
352	FT911-1124	394	0.040878
352	FT911-3733	395	0.040718
352	FT911-277	396	0.040634
352	FT911-3751	397	0.040543
352	FT911-3095	398	0.040463
352	FT911-982	399	0.040266
352	FT911-251	400	0.040177
352	FT911-2652	401	0.040016
352	FT911-3372	402	0.039973
352	FT911-2528	403	0.039964
352	FT911-1491	404	0.039964
352	FT911-3746	405	0.039733
352	FT911-3493	406	0.039682
352	FT911-2048	407	0.039638
352	FT911-4311	408	0.039621
352	FT911-3975	409	0.039601
352	FT911-478	410	0.039590
352	FT911-335	411	0.039550
352	FT911-1374	412	0.039245
352	FT911-4132	413	0.039192
352	FT911-2572	414	0.039145
352	FT911-4066	415	0.038877
352	FT911-3645	416	0.038871
352	FT911-4164	417	0.038849
352	FT911-265	418	0.038815
352	FT911-1427	419	0.038803
352	FT911-1615	420	0.038681
352	FT911-3966	421	0.038666
352	FT911-854	422	0.038596
352	FT911-2616	423	0.038502
352	FT911-3367	424	0.038500
352	FT911-663	425	0.038450
352	FT911-3956	426	0.038441
352	FT911-2835	427	0.038430
352	FT911-3332	428	0.038355
352	FT911-4862	429	0.038253
352	FT911-968	430	0.038240
352	FT911-3949	431	0.038217
352	FT911-2179	432	0.038105
352	FT911-1275	433	0.037749
352	FT911-4202	434	0.037747
352	FT911-2916	435	0.037711
352	FT911-2279	436	0.037709
352	FT911-2798	437	0.037697
352	FT911-5249	438	0.037671
352	FT911-1318	439	0.037585
352	FT911-419	440	0.037579
352	FT911-4841	441	0.037579
352	FT911-4962	442	0.037472
352	FT911-5332	443	0.037456
352	FT911-1444	444	0.037446
352	FT911-1566	445	0.037422
352	FT911-4119	446	0.037248
352	FT911-3006	447	0.037048
352	FT911-3895	448	0.037029
352	FT911-530	449	0.036971
352	FT911-5077	450	0.036854
352	FT911-3525	451	0.036830
352	FT911-3312	452	0.036824
352	FT911-3229	453	0.036804
352	FT911-2205	454	0.036445
352	FT911-4860	455	0.036425
352	FT911-21	456	0.036413
352	FT911-4386	457	0.036412
352	FT911-1198	458	0.036397
352	FT911-2618	459	0.036352
352	FT911-2617	460	0.036339
352	FT911-4261	461	0.036326
352	FT911-5143	462	0.036252
352	FT911-1694	463	0.036223
352	FT911-2206	464	0.036158
352	FT911-2661	465	0.036144
352	FT911-750	466	0.036093
352	FT911-2853	467	0.036050
352	FT911-4317	468	0.036013
352	FT911-4645	469	0.035992
352	FT911-253	470	0.035919
352	FT911-2971	471	0.035868
352	FT911-2183	472	0.035857
352	FT911-760	473	0.035825
352	FT911-2271	474	0.035713
352	FT911-4019	475	0.035698
352	FT911-2423	476	0.035652
352	FT911-56	477	0.035606
352	FT911-4385	478	0.035559
352	FT911-924	479	0.035558
352	FT911-2066	480	0.035526
352	FT911-4836	481	0.035471
352	FT911-1135	482	0.035451
352	FT911-4017	483	0.035451
352	FT911-4961	484	0.035435
352	FT911-3638	485	0.035397
352	FT911-3783	486	0.035391
352	FT911-2699	487	0.035347
352	FT911-3494	488	0.035334
352	FT911-738	489	0.035325
352	FT911-4949	490	0.035320
352	FT911-4778	491	0.035305
352	FT911-5270	492	0.035281
352	FT911-3233	493	0.035263
352	FT911-2772	494	0.035223
352	FT911-1790	495	0.035137
352	FT911-4216	496	0.035039
352	FT911-133	497	0.035007
352	FT911-4207	498	0.034998
352	FT911-134	499	0.034973
352	FT911-682	500	0.034924
352	FT911-2387	501	0.034906
352	FT911-5343	502	0.034888
352	FT911-1247	503	0.034876
352	FT911-3581	504	0.034835
352	FT911-4944	505	0.034820
352	FT911-3288	506	0.034809
352	FT911-4129	507	0.034801
352	FT911-4193	508	0.034745
352	FT911-4937	509	0.034718
352	FT911-2742	510	0.034651
352	FT911-3850	511	0.034638
352	FT911-2693	512	0.034600
352	FT911-4735	513	0.034591
352	FT911-1518	514	0.034568
352	FT911-5058	515	0.034539
352	FT911-3280	516	0.034485
352	FT911-736	517	0.034422
352	FT911-2373	518	0.034389
352	FT911-1002	519	0.034375
352	FT911-75	520	0.034337
352	FT911-2484	521	0.034290
352	FT911-435	522	0.034184
352	FT911-1325	523	0.034168
352	FT911-53	524	0.034072
352	FT911-4642	525	0.034067
352	FT911-60	526	0.034037
352	FT911-1671	527	0.034034
352	FT911-1400	528	0.034026
352	FT911-3978	529	0.034000
352	FT911-4637	530	0.033979
352	FT911-2551	531	0.033971
352	FT911-5178	532	0.033931
352	FT911-2741	533	0.033892
352	FT911-3373	534	0.033879
352	FT911-1689	535	0.033836
352	FT911-1297	536	0.033795
352	FT911-992	537	0.033714
352	FT911-5248	538	0.033594
352	FT911-1078	539	0.033563
352	FT911-3731	540	0.033476
352	FT911-1499	541	0.033405
352	FT911-5345	542	0.033327
352	FT911-1148	543	0.033239
352	FT911-3410	544	0.033239
352	FT911-4559	545	0.033211
352	FT911-1845	546	0.033178
352	FT911-3322	547	0.033171
352	FT911-4310	548	0.033164
352	FT911-1919	549	0.033143
352	FT911-4970	550	0.033143
352	FT911-2991	551	0.033105
352	FT911-859	552	0.033100
352	FT911-2942	553	0.033024
352	FT911-4469	554	0.032921
352	FT911-3169	555	0.032855
352	FT911-1869	556	0.032776
352	FT911-481	557	0.032765
352	FT911-3972	558	0.032729
352	FT911-842	559	0.032711
352	FT911-4003	560	0.032681
352	FT911-2166	561	0.032638
352	FT911-1863	562	0.032637
352	FT911-4951	563	0.032564
352	FT911-1675	564	0.032541
352	FT911-2114	565	0.032532
352	FT911-5295	566	0.032506
352	FT911-1587	567	0.032468
352	FT911-2570	568	0.032459
352	FT911-3976	569	0.032387
352	FT911-902	570	0.032341
352	FT911-3595	571	0.032244
352	FT911-4571	572	0.032213
352	FT911-5033	573	0.032189
352	FT911-3542	574	0.032168
352	FT911-194	575	0.032119
352	FT911-804	576	0.032096
352	FT911-2126	577	0.032058
352	FT911-3438	578	0.032047
352	FT911-374	579	0.031972
352	FT911-1003	580	0.031972
352	FT911-753	581	0.031878
352	FT911-4518	582	0.031809
352	FT911-3527	583	0.031796
352	FT911-5273	584	0.031760
352	FT911-658	585	0.031665
352	FT911-499	586	0.031620
352	FT911-3168	587	0.031617
352	FT911-5196	588	0.031521
352	FT911-495	589	0.031442
352	FT911-2349	590	0.031435
352	FT911-477	591	0.031410
352	FT911-3929	592	0.031375
352	FT911-3159	593	0.031334
352	FT911-2395	594	0.031322
352	FT911-3441	595	0.031299
352	FT911-2087	596	0.031294
352	FT911-3344	597	0.031246
352	FT911-613	598	0.031091
352	FT911-366	599	0.031048
352	FT911-4947	600	0.030991
352	FT911-1934	601	0.030962
352	FT911-307	602	0.030960
352	FT911-3785	603	0.030906
352	FT911-5261	604	0.030894
352	FT911-2284	605	0.030845
352	FT911-4519	606	0.030812
352	FT911-1218	607	0.030778
352	FT911-4163	608	0.030759
352	FT911-2648	609	0.030747
352	FT911-4048	610	0.030722
352	FT911-1614	611	0.030719
352	FT911-4114	612	0.030545
352	FT911-1192	613	0.030485
352	FT911-5053	614	0.030427
352	FT911-872	615	0.030277
352	FT911-5265	616	0.030259
352	FT911-46	617	0.030157
352	FT911-369	618	0.030135
352	FT911-4172	619	0.030115
352	FT911-5221	620	0.030112
352	FT911-3369	621	0.030019
352	FT911-3134	622	0.030000
352	FT911-3009	623	0.029992
352	FT911-3371	624	0.029902
352	FT911-5352	625	0.029840
352	FT911-2750	626	0.029836
352	FT911-97	627	0.029811
352	FT911-3960	628	0.029792
352	FT911-4856	629	0.029766
352	FT911-875	630	0.029725
352	FT911-3165	631	0.029725
352	FT911-1378	632	0.029722
352	FT911-4258	633	0.029704
352	FT911-606	634	0.029702
352	FT911-800	635	0.029694
352	FT911-4928	636	0.029691
352	FT911-1200	637	0.029672
352	FT911-2843	638	0.029593
352	FT911-1114	639	0.029442
352	FT911-2520	640	0.029387
352	FT911-1373	641	0.029345
352	FT911-2602	642	0.029338
352	FT911-4889	643	0.029212
352	FT911-1437	644	0.029211
352	FT911-2970	645	0.029189
352	FT911-4589	646	0.029185
352	FT911-614	647	0.029076
352	FT911-2654	648	0.029049
352	FT911-2273	649	0.029014
352	FT911-2951	650	0.029014
352	FT911-828	651	0.029008
352	FT911-255	652	0.028949
352	FT911-3385	653	0.028938
352	FT911-1695	654	0.028928
352	FT911-2518	655	0.028913
352	FT911-601	656	0.028903
352	FT911-660	657	0.028899
352	FT911-2864	658	0.028895
352	FT911-5349	659	0.028866
352	FT911-5340	660	0.028848
352	FT911-4903	661	0.028842
352	FT911-3164	662	0.028803
352	FT911-2801	663	0.028767
352	FT911-284	664	0.028743
352	FT911-3921	665	0.028695
352	FT911-2380	666	0.028653
352	FT911-619	667	0.028607
352	FT911-3510	668	0.028593
352	FT911-3152	669	0.028579
352	FT911-1372	670	0.028483
352	FT911-5069	671	0.028454
352	FT911-3973	672	0.028436
352	FT911-2218	673	0.028425
352	FT911-287	674	0.028370
352	FT911-2032	675	0.028289
352	FT911-1490	676	0.028284
352	FT911-853	677	0.028256
352	FT911-3864	678	0.028141
352	FT911-3024	679	0.028092
352	FT911-3354	680	0.028019
352	FT911-1104	681	0.028003
352	FT911-655	682	0.027994
352	FT911-1496	683	0.027980
352	FT911-2125	684	0.027978
352	FT911-208	685	0.027973
352	FT911-4251	686	0.027972
352	FT911-3253	687	0.027838
352	FT911-3038	688	0.027804
352	FT911-2459	689	0.027797
352	FT911-2152	690	0.027788
352	FT911-1201	691	0.027768
352	FT911-500	692	0.027727
352	FT911-1266	693	0.027691
352	FT911-3243	694	0.027681
352	FT911-3437	695	0.027678
352	FT911-520	696	0.027653
352	FT911-2552	697	0.027641
352	FT911-808	698	0.027623
352	FT911-2796	699	0.027601
352	FT911-1091	700	0.027565
352	FT911-346	701	0.027556
352	FT911-1664	702	0.027508
352	FT911-5076	703	0.027504
352	FT911-2700	704	0.027462
352	FT911-2723	705	0.027456
352	FT911-4344	706	0.027414
352	FT911-4053	707	0.027400
352	FT911-4946	708	0.027295
352	FT911-5091	709	0.027230
352	FT911-1964	710	0.027225
352	FT911-4060	711	0.027221
352	FT911-624	712	0.027211
352	FT911-3100	713	0.027174
352	FT911-2131	714	0.027125
352	FT911-608	715	0.027104
352	FT911-4177	716	0.027054
352	FT911-256	717	0.027043
352	FT911-348	718	0.027041
352	FT911-5323	719	0.027031
352	FT911-3868	720	0.027029
352	FT911-2042	721	0.027001
352	FT911-458	722	0.026955
352	FT911-5180	723	0.026931
352	FT911-2866	724	0.026905
352	FT911-1223	725	0.026902
352	FT911-3109	726	0.026834
352	FT911-1634	727	0.026671
352	FT911-1885	728	0.026649
352	FT911-4734	729	0.026513
352	FT911-4103	730	0.026477
352	FT911-2164	731	0.026474
352	FT911-3891	732	0.026458
352	FT911-1481	733	0.026398
352	FT911-3144	734	0.026342
352	FT911-976	735	0.026286
352	FT911-821	736	0.026231
352	FT911-2949	737	0.026206
352	FT911-661	738	0.026174
352	FT911-4711	739	0.026157
352	FT911-5101	740	0.026152
352	FT911-4118	741	0.026144
352	FT911-3249	742	0.026144
352	FT911-2936	743	0.026137
352	FT911-3981	744	0.026137
352	FT911-2062	745	0.026072
352	FT911-1550	746	0.026059
352	FT911-5156	747	0.026036
352	FT911-4835	748	0.025976
352	FT911-2657	749	0.025920
352	FT911-4723	750	0.025901
352	FT911-1596	751	0.025794
352	FT911-2196	752	0.025772
352	FT911-2270	753	0.025756
352	FT911-5130	754	0.025695
352	FT911-4192	755	0.025681
352	FT911-2015	756	0.025666
352	FT911-1581	757	0.025619
352	FT911-1943	758	0.025606
352	FT911-3379	759	0.025566
352	FT911-2391	760	0.025493
352	FT911-788	761	0.025428
352	FT911-4919	762	0.025410
352	FT911-1868	763	0.025375
352	FT911-1230	764	0.025375
352	FT911-3948	765	0.025372
352	FT911-1098	766	0.025307
352	FT911-3758	767	0.025297
352	FT911-2720	768	0.025283
352	FT911-2375	769	0.025266
352	FT911-2711	770	0.025251
352	FT911-5275	771	0.025237
352	FT911-5160	772	0.025208
352	FT911-3606	773	0.025203
352	FT911-2028	774	0.025190
352	FT911-2669	775	0.025179
352	FT911-3462	776	0.025166
352	FT911-3642	777	0.025132
352	FT911-2029	778	0.025099
352	FT911-2896	779	0.025046
352	FT911-4776	780	0.025037
352	FT911-1691	781	0.024979
352	FT911-1492	782	0.024978
352	FT911-241	783	0.024944
352	FT911-3887	784	0.024935
352	FT911-4640	785	0.024934
352	FT911-3607	786	0.024886
352	FT911-4888	787	0.024841
352	FT911-3739	788	0.024839
352	FT911-2041	789	0.024828
352	FT911-4599	790	0.024708
352	FT911-2722	791	0.024705
352	FT911-4747	792	0.024679
352	FT911-2645	793	0.024672
352	FT911-4195	794	0.024551
352	FT911-115	795	0.024486
352	FT911-2244	796	0.024473
352	FT911-5054	797	0.024465
352	FT911-371	798	0.024459
352	FT911-4223	799	0.024431
352	FT911-2858	800	0.024417
352	FT911-4597	801	0.024372
352	FT911-2223	802	0.024352
352	FT911-5188	803	0.024341
352	FT911-4176	804	0.024320
352	FT911-2334	805	0.024298
352	FT911-5024	806	0.024261
352	FT911-5278	807	0.024254
352	FT911-1553	808	0.024228
352	FT911-632	809	0.024208
352	FT911-5191	810	0.024185
352	FT911-4791	811	0.024178
352	FT911-5185	812	0.024148
352	FT911-3951	813	0.024131
352	FT911-1653	814	0.024101
352	FT911-400	815	0.024059
352	FT911-4352	816	0.024036
352	FT911-2660	817	0.024007
352	FT911-3562	818	0.023985
352	FT911-5342	819	0.023964
352	FT911-847	820	0.023942
352	FT911-3977	821	0.023834
352	FT911-1944	822	0.023811
352	FT911-5015	823	0.023807
352	FT911-4127	824	0.023753
352	FT911-3546	825	0.023703
352	FT911-584	826	0.023691
352	FT911-3017	827	0.023683
352	FT911-3985	828	0.023610
352	FT911-389	829	0.023598
352	FT911-4858	830	0.023530
352	FT911-2144	831	0.023524
352	FT911-213	832	0.023518
352	FT911-4092	833	0.023411
352	FT911-537	834	0.023410
352	FT911-2785	835	0.023394
352	FT911-3446	836	0.023363
352	FT911-1804	837	0.023328
352	FT911-4380	838	0.023173
352	FT911-4239	839	0.023159
352	FT911-55	840	0.023147
352	FT911-1418	841	0.023113
352	FT911-4601	842	0.023109
352	FT911-473	843	0.023091
352	FT911-2371	844	0.023025
352	FT911-1370	845	0.023006
352	FT911-1199	846	0.023001
352	FT911-4744	847	0.022978
352	FT911-1134	848	0.022961
352	FT911-1575	849	0.022925
352	FT911-5239	850	0.022916
352	FT911-54	851	0.022913
352	FT911-3724	852	0.022886
352	FT911-2774	853	0.022822
352	FT911-377	854	0.022776
352	FT911-2981	855	0.022758
352	FT911-1315	856	0.022678
352	FT911-252	857	0.022674
352	FT911-2473	858	0.022650
352	FT911-3726	859	0.022632
352	FT911-285	860	0.022615
352	FT911-4342	861	0.022544
352	FT911-2260	862	0.022524
352	FT911-5192	863	0.022457
352	FT911-1682	864	0.022447
352	FT911-1482	865	0.022424
352	FT911-2185	866	0.022417
352	FT911-4225	867	0.022390
352	FT911-1210	868	0.022295
352	FT911-1043	869	0.022236
352	FT911-1352	870	0.022195
352	FT911-4458	871	0.022175
352	FT911-932	872	0.022143
352	FT911-1663	873	0.022085
352	FT911-1652	874	0.022024
352	FT911-2286	875	0.022012
352	FT911-2519	876	0.021980
352	FT911-1617	877	0.021903
352	FT911-199	878	0.021867
352	FT911-1337	879	0.021865
352	FT911-2650	880	0.021832
352	FT911-165	881	0.021789
352	FT911-3289	882	0.021768
352	FT911-3458	883	0.021740
352	FT911-2956	884	0.021687
352	FT911-4104	885	0.021683
352	FT911-1573	886	0.021682
352	FT911-1879	887	0.021608
352	FT911-3587	888	0.021575
352	FT911-4057	889	0.021574
352	FT911-3692	890	0.021563
352	FT911-139	891	0.021541
352	FT911-78	892	0.021501
352	FT911-925	893	0.021465
352	FT911-766	894	0.021400
352	FT911-2197	895	0.021361
352	FT911-3230	896	0.021277
352	FT911-3741	897	0.021213
352	FT911-2082	898	0.021202
352	FT911-5357	899	0.021118
352	FT911-2460	900	0.021038
352	FT911-4612	901	0.020932
352	FT911-4199	902	0.020913
352	FT911-4397	903	0.020900
352	FT911-1555	904	0.020870
352	FT911-4383	905	0.020842
352	FT911-1925	906	0.020835
352	FT911-1118	907	0.020745
352	FT911-845	908	0.020745
352	FT911-397	909	0.020720
352	FT911-48	910	0.020619
352	FT911-1912	911	0.020494
352	FT911-798	912	0.020473
352	FT911-3986	913	0.020399
352	FT911-807	914	0.020397
352	FT911-188	915	0.020374
352	FT911-1567	916	0.020344
352	FT911-4720	917	0.020224
352	FT911-4016	918	0.020210
352	FT911-379	919	0.020185
352	FT911-273	920	0.020129
352	FT911-4638	921	0.020062
352	FT911-3154	922	0.020027
352	FT911-679	923	0.019946
352	FT911-3459	924	0.019929
352	FT911-490	925	0.019901
352	FT911-1926	926	0.019895
352	FT911-2996	927	0.019895
352	FT911-994	928	0.019852
352	FT911-1353	929	0.019784
352	FT911-3361	930	0.019766
352	FT911-5038	931	0.019745
352	FT911-4930	932	0.019651
352	FT911-5080	933	0.019648
352	FT911-2952	934	0.019585
352	FT911-4315	935	0.019572
352	FT911-4001	936	0.019556
352	FT911-4366	937	0.019514
352	FT911-4520	938	0.019501
352	FT911-2376	939	0.019499
352	FT911-2954	940	0.019456
352	FT911-2343	941	0.019416
352	FT911-5177	942	0.019302
352	FT911-4531	943	0.019210
352	FT911-1314	944	0.019137
352	FT911-755	945	0.019075
352	FT911-106	946	0.019015
352	FT911-2992	947	0.018961
352	FT911-3531	948	0.018762
352	FT911-795	949	0.018736
352	FT911-4076	950	0.018664
352	FT911-2800	951	0.018636
352	FT911-1771	952	0.018619
352	FT911-2568	953	0.018615
352	FT911-1673	954	0.018585
352	FT911-3545	955	0.018555
352	FT911-1287	956	0.018504
352	FT911-1084	957	0.018500
352	FT911-1539	958	0.018484
352	FT911-5337	959	0.018476
352	FT911-3236	960	0.018472
352	FT911-2195	961	0.018424
352	FT911-2989	962	0.018398
352	FT911-141	963	0.018317
352	FT911-1077	964	0.018306
352	FT911-4189	965	0.018167
352	FT911-4582	966	0.018139
352	FT911-2521	967	0.017995
352	FT911-5049	968	0.017973
352	FT911-5040	969	0.017915
352	FT911-2725	970	0.017913
352	FT911-4658	971	0.017870
352	FT911-1207	972	0.017820
352	FT911-3395	973	0.017785
352	FT911-2985	974	0.017742
352	FT911-3415	975	0.017683
352	FT911-1781	976	0.017654
352	FT911-401	977	0.017621
352	FT911-3019	978	0.017611
352	FT911-382	979	0.017604
352	FT911-2118	980	0.017578
352	FT911-4929	981	0.017478
352	FT911-585	982	0.017477
352	FT911-4374	983	0.017389
352	FT911-2962	984	0.017199
352	FT911-381	985	0.017142
352	FT911-4382	986	0.017133
352	FT911-1519	987	0.017123
352	FT911-4007	988	0.017094
352	FT911-376	989	0.016945
352	FT911-4800	990	0.016827
352	FT911-1715	991	0.016798
352	FT911-4775	992	0.016782
352	FT911-865	993	0.016759
352	FT911-367	994	0.016716
352	FT911-2994	995	0.016665
352	FT911-3433	996	0.016638
352	FT911-2469	997	0.016624
352	FT911-470	998	0.016598
352	FT911-4349	999	0.016587
352	FT911-3186	1000	0.016566
353	FT911-558	1	0.342822
353	FT911-122	2	0.320537
353	FT911-4348	3	0.314101
353	FT911-1769	4	0.219903
353	FT911-4151	5	0.216970
353	FT911-4931	6	0.180620
353	FT911-4261	7	0.177148
353	FT911-4349	8	0.163501
353	FT911-1562	9	0.137471
353	FT911-3206	10	0.130364
353	FT911-3209	11	0.108401
353	FT911-5024	12	0.102981
353	FT911-3327	13	0.100403
353	FT911-4919	14	0.098634
353	FT911-1263	15	0.098007
353	FT911-3129	16	0.097419
353	FT911-3478	17	0.092964
353	FT911-5079	18	0.087447
353	FT911-1098	19	0.086393
353	FT911-601	20	0.081805
353	FT911-4139	21	0.075992
353	FT911-846	22	0.075117
353	FT911-348	23	0.074476
353	FT911-3318	24	0.070921
353	FT911-1943	25	0.070525
353	FT911-4701	26	0.069142
353	FT911-2029	27	0.069130
353	FT911-547	28	0.063462
353	FT911-3332	29	0.062392
353	FT911-3706	30	0.061956
353	FT911-3027	31	0.060337
353	FT911-3320	32	0.059701
353	FT911-3472	33	0.057755
353	FT911-932	34	0.055512
353	FT911-825	35	0.055497
353	FT911-2350	36	0.053746
353	FT911-1349	37	0.053315
353	FT911-5001	38	0.053170
353	FT911-5196	39	0.051275
353	FT911-3816	40	0.050246
353	FT911-1631	41	0.050203
353	FT911-5253	42	0.050157
353	FT911-597	43	0.049043
353	FT911-18	44	0.048981
353	FT911-606	45	0.048315
353	FT911-1627	46	0.048114
353	FT911-1083	47	0.047772
353	FT911-4442	48	0.047405
353	FT911-2140	49	0.046745
353	FT911-5167	50	0.046664
353	FT911-1520	51	0.045482
353	FT911-1196	52	0.045274
353	FT911-5076	53	0.044740
353	FT911-1323	54	0.044100
353	FT911-870	55	0.043852
353	FT911-4341	56	0.043276
353	FT911-702	57	0.042328
353	FT911-4902	58	0.041324
353	FT911-943	59	0.040283
353	FT911-2630	60	0.040282
353	FT911-150	61	0.040151
353	FT911-4174	62	0.039692
353	FT911-1124	63	0.039273
353	FT911-3623	64	0.038470
353	FT911-1611	65	0.038442
353	FT911-3067	66	0.037044
353	FT911-5042	67	0.035000
353	FT911-4383	68	0.033904
353	FT911-4009	69	0.033049
353	FT911-4165	70	0.031982
353	FT911-4004	71	0.030744
353	FT911-753	72	0.030627
353	FT911-1355	73	0.030394
353	FT911-4467	74	0.029758
353	FT911-1957	75	0.029267
353	FT911-530	76	0.029089
353	FT911-4318	77	0.028671
353	FT911-4929	78	0.028430
353	FT911-4963	79	0.028402
353	FT911-1254	80	0.028128
353	FT911-3699	81	0.027793
353	FT911-2789	82	0.027649
353	FT911-2994	83	0.027109
353	FT911-3356	84	0.027043
353	FT911-4515	85	0.026461
353	FT911-265	86	0.026460
353	FT911-1301	87	0.025433
353	FT911-5341	88	0.025338
353	FT911-3363	89	0.024433
353	FT911-169	90	0.023589
353	FT911-4513	91	0.023443
353	FT911-4176	92	0.023366
353	FT911-1296	93	0.023341
353	FT911-4184	94	0.023168
353	FT911-3411	95	0.023111
353	FT911-1109	96	0.023106
353	FT911-2446	97	0.022815
353	FT911-3640	98	0.022802
353	FT911-3408	99	0.022392
353	FT911-3925	100	0.022272
353	FT911-467	101	0.022036
353	FT911-2787	102	0.021535
353	FT911-1720	103	0.021381
353	FT911-1006	104	0.021282
353	FT911-4840	105	0.021192
353	FT911-383	106	0.020842
353	FT911-2456	107	0.020449
353	FT911-3927	108	0.020361
353	FT911-1307	109	0.020218
353	FT911-1494	110	0.019858
353	FT911-478	111	0.019500
353	FT911-2793	112	0.018660
353	FT911-4194	113	0.018567
353	FT911-821	114	0.017881
353	FT911-855	115	0.017785
353	FT911-4088	116	0.017710
353	FT911-1402	117	0.017329
353	FT911-493	118	0.017221
353	FT911-1207	119	0.017120
353	FT911-1617	120	0.016978
353	FT911-382	121	0.016913
353	FT911-2082	122	0.016435
353	FT911-521	123	0.016224
353	FT911-496	124	0.016176
353	FT911-2915	125	0.015758
353	FT911-4188	126	0.015461
353	FT911-1486	127	0.014737
353	FT911-3366	128	0.014656
353	FT911-5337	129	0.014322
354	FT911-1588	1	0.297772
354	FT911-3514	2	0.243841
354	FT911-885	3	0.227427
354	FT911-1900	4	0.193314
354	FT911-4783	5	0.190463
354	FT911-4804	6	0.182669
354	FT911-1705	7	0.179715
354	FT911-2977	8	0.175550
354	FT911-1288	9	0.173158
354	FT911-1702	10	0.169309
354	FT911-115	11	0.143832
354	FT911-2786	12	0.136772
354	FT911-5245	13	0.126894
354	FT911-1374	14	0.109848
354	FT911-2618	15	0.106661
354	FT911-989	16	0.104983
354	FT911-5207	17	0.099682
354	FT911-4603	18	0.099208
354	FT911-4757	19	0.096928
354	FT911-5214	20	0.092318
354	FT911-4344	21	0.091638
354	FT911-4021	22	0.091433
354	FT911-2646	23	0.088770
354	FT911-477	24	0.087918
354	FT911-2436	25	0.087388
354	FT911-3494	26	0.086357
354	FT911-1949	27	0.085885
354	FT911-4272	28	0.082698
354	FT911-1085	29	0.080705
354	FT911-1668	30	0.079777
354	FT911-3364	31	0.079493
354	FT911-195	32	0.079393
354	FT911-4125	33	0.077999
354	FT911-2216	34	0.076552
354	FT911-4312	35	0.076416
354	FT911-3104	36	0.074397
354	FT911-3537	37	0.073047
354	FT911-501	38	0.071955
354	FT911-2299	39	0.071332
354	FT911-1869	40	0.071090
354	FT911-5046	41	0.070719
354	FT911-5101	42	0.070306
354	FT911-3661	43	0.069251
354	FT911-4571	44	0.068042
354	FT911-2300	45	0.067786
354	FT911-2256	46	0.067067
354	FT911-5054	47	0.065771
354	FT911-1568	48	0.065408
354	FT911-4065	49	0.063303
354	FT911-1312	50	0.062701
354	FT911-4277	51	0.061708
354	FT911-1523	52	0.060608
354	FT911-4290	53	0.060113
354	FT911-611	54	0.060023
354	FT911-1316	55	0.059852
354	FT911-3894	56	0.059394
354	FT911-1436	57	0.058999
354	FT911-460	58	0.058452
354	FT911-3658	59	0.058218
354	FT911-318	60	0.058134
354	FT911-1899	61	0.057263
354	FT911-418	62	0.057227
354	FT911-693	63	0.057174
354	FT911-3144	64	0.057134
354	FT911-5093	65	0.056805
354	FT911-3249	66	0.056704
354	FT911-4909	67	0.056655
354	FT911-471	68	0.055912
354	FT911-4582	69	0.055449
354	FT911-3948	70	0.055030
354	FT911-4653	71	0.054316
354	FT911-1710	72	0.054272
354	FT911-1958	73	0.054219
354	FT911-4649	74	0.053772
354	FT911-1793	75	0.053762
354	FT911-1587	76	0.053673
354	FT911-2753	77	0.053280
354	FT911-2689	78	0.052987
354	FT911-4592	79	0.052946
354	FT911-2845	80	0.052880
354	FT911-1585	81	0.052090
354	FT911-1999	82	0.051343
354	FT911-3516	83	0.051231
354	FT911-2994	84	0.050944
354	FT911-391	85	0.050517
354	FT911-2163	86	0.050267
354	FT911-1956	87	0.050119
354	FT911-2370	88	0.049977
354	FT911-4878	89	0.049837
354	FT911-3627	90	0.049546
354	FT911-2116	91	0.048988
354	FT911-4740	92	0.048774
354	FT911-503	93	0.048605
354	FT911-2644	94	0.048120
354	FT911-2812	95	0.048032
354	FT911-710	96	0.047850
354	FT911-336	97	0.047130
354	FT911-3896	98	0.047106
354	FT911-1475	99	0.046288
354	FT911-743	100	0.045978
354	FT911-1528	101	0.045925
354	FT911-5190	102	0.045806
354	FT911-540	103	0.045674
354	FT911-1592	104	0.045501
354	FT911-4612	105	0.045401
354	FT911-2716	106	0.044823
354	FT911-310	107	0.044480
354	FT911-3407	108	0.044399
354	FT911-1513	109	0.044390
354	FT911-1297	110	0.043945
354	FT911-2510	111	0.043823
354	FT911-2848	112	0.043697
354	FT911-2219	113	0.043630
354	FT911-5178	114	0.043466
354	FT911-1967	115	0.043146
354	FT911-3013	116	0.042991
354	FT911-4755	117	0.042913
354	FT911-198	118	0.042910
354	FT911-3641	119	0.042625
354	FT911-2486	120	0.042599
354	FT911-3273	121	0.042560
354	FT911-5331	122	0.042534
354	FT911-3619	123	0.042423
354	FT911-2971	124	0.042072
354	FT911-42	125	0.042006
354	FT911-4200	126	0.041693
354	FT911-2114	127	0.041674
354	FT911-2712	128	0.041651
354	FT911-2856	129	0.041616
354	FT911-251	130	0.041523
354	FT911-615	131	0.041315
354	FT911-2983	132	0.041266
354	FT911-2992	133	0.041126
354	FT911-2622	134	0.041124
354	FT911-753	135	0.040836
354	FT911-1253	136	0.040574
354	FT911-3852	137	0.040565
354	FT911-4076	138	0.040481
354	FT911-862	139	0.040239
354	FT911-1296	140	0.040162
354	FT911-3802	141	0.040119
354	FT911-4045	142	0.040049
354	FT911-2989	143	0.039906
354	FT911-2643	144	0.039903
354	FT911-5302	145	0.039704
354	FT911-3255	146	0.039698
354	FT911-1195	147	0.039634
354	FT911-5094	148	0.039576
354	FT911-1621	149	0.039416
354	FT911-2648	150	0.039387
354	FT911-354	151	0.039183
354	FT911-4114	152	0.039129
354	FT911-4623	153	0.039117
354	FT911-2997	154	0.039087
354	FT911-220	155	0.039021
354	FT911-1423	156	0.038989
354	FT911-4833	157	0.038975
354	FT911-1792	158	0.038937
354	FT911-764	159	0.038926
354	FT911-4991	160	0.038858
354	FT911-872	161	0.038786
354	FT911-3660	162	0.038601
354	FT911-1308	163	0.038448
354	FT911-3371	164	0.038305
354	FT911-2980	165	0.038254
354	FT911-1199	166	0.038023
354	FT911-1575	167	0.037898
354	FT911-2014	168	0.037803
354	FT911-1556	169	0.037786
354	FT911-2031	170	0.037745
354	FT911-2970	171	0.037392
354	FT911-221	172	0.037332
354	FT911-1696	173	0.037255
354	FT911-4561	174	0.037164
354	FT911-660	175	0.037021
354	FT911-5045	176	0.037005
354	FT911-4754	177	0.036665
354	FT911-4448	178	0.036525
354	FT911-1715	179	0.036434
354	FT911-526	180	0.036356
354	FT911-3015	181	0.036145
354	FT911-3018	182	0.035928
354	FT911-1520	183	0.035817
354	FT911-4680	184	0.035771
354	FT911-1653	185	0.035635
354	FT911-2152	186	0.035598
354	FT911-1022	187	0.035540
354	FT911-1884	188	0.035516
354	FT911-47	189	0.035382
354	FT911-3535	190	0.035176
354	FT911-3010	191	0.035137
354	FT911-4726	192	0.035127
354	FT911-357	193	0.035055
354	FT911-433	194	0.035017
354	FT911-608	195	0.034721
354	FT911-1197	196	0.034651
354	FT911-1432	197	0.034635
354	FT911-5323	198	0.034627
354	FT911-594	199	0.034574
354	FT911-1303	200	0.034463
354	FT911-1283	201	0.034403
354	FT911-3860	202	0.034212
354	FT911-2620	203	0.034117
354	FT911-4655	204	0.034090
354	FT911-1544	205	0.034019
354	FT911-1474	206	0.033822
354	FT911-4859	207	0.033798
354	FT911-2995	208	0.033683
354	FT911-1990	209	0.033584
354	FT911-661	210	0.033529
354	FT911-4240	211	0.033524
354	FT911-628	212	0.033509
354	FT911-1281	213	0.033390
354	FT911-379	214	0.033369
354	FT911-4143	215	0.033312
354	FT911-3576	216	0.033256
354	FT911-627	217	0.033243
354	FT911-1445	218	0.033116
354	FT911-3663	219	0.033079
354	FT911-2161	220	0.033029
354	FT911-2270	221	0.032994
354	FT911-2458	222	0.032976
354	FT911-5111	223	0.032857
354	FT911-2107	224	0.032765
354	FT911-3714	225	0.032629
354	FT911-4907	226	0.032560
354	FT911-4650	227	0.032531
354	FT911-4643	228	0.032492
354	FT911-3806	229	0.032340
354	FT911-3436	230	0.032330
354	FT911-591	231	0.032310
354	FT911-1619	232	0.032250
354	FT911-863	233	0.032083
354	FT911-4776	234	0.032073
354	FT911-3461	235	0.032024
354	FT911-3887	236	0.031943
354	FT911-678	237	0.031893
354	FT911-1154	238	0.031794
354	FT911-2118	239	0.031737
354	FT911-3578	240	0.031682
354	FT911-4906	241	0.031309
354	FT911-1406	242	0.031245
354	FT911-4488	243	0.031177
354	FT911-1369	244	0.031166
354	FT911-1865	245	0.031018
354	FT911-3756	246	0.030950
354	FT911-4506	247	0.030850
354	FT911-392	248	0.030669
354	FT911-1408	249	0.030662
354	FT911-4235	250	0.030614
354	FT911-4830	251	0.030415
354	FT911-2110	252	0.030357
354	FT911-1633	253	0.030268
354	FT911-4043	254	0.030200
354	FT911-213	255	0.030127
354	FT911-1595	256	0.030093
354	FT911-2032	257	0.029679
354	FT911-1541	258	0.029624
354	FT911-2754	259	0.029331
354	FT911-823	260	0.029301
354	FT911-2688	261	0.029272
354	FT911-919	262	0.029214
354	FT911-2600	263	0.029134
354	FT911-252	264	0.029046
354	FT911-697	265	0.029013
354	FT911-4204	266	0.029008
354	FT911-5336	267	0.028897
354	FT911-779	268	0.028721
354	FT911-1386	269	0.028580
354	FT911-1210	270	0.028560
354	FT911-1440	271	0.028457
354	FT911-892	272	0.028425
354	FT911-3007	273	0.028107
354	FT911-4419	274	0.028087
354	FT911-262	275	0.028029
354	FT911-3251	276	0.028014
354	FT911-199	277	0.028012
354	FT911-4131	278	0.027982
354	FT911-4968	279	0.027930
354	FT911-810	280	0.027684
354	FT911-3004	281	0.027582
354	FT911-4026	282	0.027576
354	FT911-2535	283	0.027561
354	FT911-1765	284	0.027417
354	FT911-1013	285	0.027402
354	FT911-890	286	0.027191
354	FT911-4647	287	0.027189
354	FT911-35	288	0.027064
354	FT911-3580	289	0.026881
354	FT911-5186	290	0.026766
354	FT911-1726	291	0.026578
354	FT911-4207	292	0.026479
354	FT911-438	293	0.026446
354	FT911-1056	294	0.026427
354	FT911-4579	295	0.026393
354	FT911-125	296	0.026324
354	FT911-3006	297	0.026196
354	FT911-1532	298	0.026130
354	FT911-2987	299	0.026115
354	FT911-4675	300	0.025989
354	FT911-2999	301	0.025877
354	FT911-273	302	0.025786
354	FT911-4787	303	0.025726
354	FT911-2174	304	0.025681
354	FT911-2384	305	0.025617
354	FT911-679	306	0.025552
354	FT911-3266	307	0.025489
354	FT911-3484	308	0.025219
354	FT911-1148	309	0.025149
354	FT911-4315	310	0.025073
354	FT911-4213	311	0.024957
354	FT911-4288	312	0.024868
354	FT911-4087	313	0.024742
354	FT911-4024	314	0.024739
354	FT911-3404	315	0.024622
354	FT911-5329	316	0.024583
354	FT911-4629	317	0.024444
354	FT911-4972	318	0.024381
354	FT911-4814	319	0.024169
354	FT911-5179	320	0.024086
354	FT911-393	321	0.024069
354	FT911-5120	322	0.024030
354	FT911-3221	323	0.024028
354	FT911-3300	324	0.023921
354	FT911-2568	325	0.023846
354	FT911-2835	326	0.023812
354	FT911-4499	327	0.023640
354	FT911-2195	328	0.023602
354	FT911-4000	329	0.023334
354	FT911-4842	330	0.023206
354	FT911-1993	331	0.023189
354	FT911-2521	332	0.023052
354	FT911-1319	333	0.022942
354	FT911-1951	334	0.022936
354	FT911-3450	335	0.022890
354	FT911-3023	336	0.022859
354	FT911-4025	337	0.022851
354	FT911-2986	338	0.022767
354	FT911-2209	339	0.022730
354	FT911-3009	340	0.022692
354	FT911-1892	341	0.022267
354	FT911-4219	342	0.022254
354	FT911-3304	343	0.022156
354	FT911-1254	344	0.022151
354	FT911-4889	345	0.022101
354	FT911-1437	346	0.022101
354	FT911-2962	347	0.022032
354	FT911-4103	348	0.022008
354	FT911-3699	349	0.021887
354	FT911-4420	350	0.021876
354	FT911-601	351	0.021868
354	FT911-4574	352	0.021752
354	FT911-376	353	0.021706
354	FT911-1407	354	0.021678
354	FT911-3287	355	0.021673
354	FT911-1226	356	0.021584
354	FT911-4904	357	0.021546
354	FT911-3008	358	0.021538
354	FT911-865	359	0.021469
354	FT911-3939	360	0.021410
354	FT911-2469	361	0.021296
354	FT911-936	362	0.021056
354	FT911-520	363	0.020922
354	FT911-1950	364	0.020856
354	FT911-4651	365	0.020826
354	FT911-690	366	0.020674
354	FT911-5036	367	0.020467
354	FT911-328	368	0.020464
354	FT911-5182	369	0.020339
354	FT911-802	370	0.020259
354	FT911-1982	371	0.020228
354	FT911-1885	372	0.020162
354	FT911-2691	373	0.020146
354	FT911-902	374	0.020039
354	FT911-1534	375	0.020006
354	FT911-272	376	0.019961
354	FT911-4014	377	0.019786
354	FT911-2698	378	0.019740
354	FT911-2053	379	0.019680
354	FT911-1953	380	0.019587
354	FT911-1259	381	0.019574
354	FT911-154	382	0.019439
354	FT911-2587	383	0.019400
354	FT911-3983	384	0.018924
354	FT911-2452	385	0.018913
354	FT911-4640	386	0.018865
354	FT911-4792	387	0.018838
354	FT911-2694	388	0.018827
354	FT911-513	389	0.018747
354	FT911-1507	390	0.018721
354	FT911-3396	391	0.018675
354	FT911-137	392	0.018642
354	FT911-2457	393	0.018553
354	FT911-1681	394	0.018474
354	FT911-1780	395	0.018453
354	FT911-3417	396	0.018323
354	FT911-1367	397	0.018290
354	FT911-2450	398	0.018275
354	FT911-3951	399	0.018257
354	FT911-2427	400	0.018138
354	FT911-131	401	0.018103
354	FT911-380	402	0.017989
354	FT911-756	403	0.017920
354	FT911-1971	404	0.017838
354	FT911-186	405	0.017731
354	FT911-5237	406	0.017701
354	FT911-4479	407	0.017517
354	FT911-467	408	0.017353
354	FT911-3724	409	0.017316
354	FT911-1063	410	0.017291
354	FT911-138	411	0.017198
354	FT911-3412	412	0.017180
354	FT911-4018	413	0.017169
354	FT911-1295	414	0.017169
354	FT911-2892	415	0.017090
354	FT911-2700	416	0.017016
354	FT911-4376	417	0.016985
354	FT911-1720	418	0.016837
354	FT911-4116	419	0.016784
354	FT911-3448	420	0.016782
354	FT911-3918	421	0.016773
354	FT911-1981	422	0.016772
354	FT911-3907	423	0.016766
354	FT911-4901	424	0.016746
354	FT911-1979	425	0.016446
354	FT911-1879	426	0.016348
354	FT911-5232	427	0.016311
354	FT911-2894	428	0.016168
354	FT911-465	429	0.016150
354	FT911-2657	430	0.016060
354	FT911-1307	431	0.015921
354	FT911-1338	432	0.015787
354	FT911-487	433	0.015763
354	FT911-255	434	0.015540
354	FT911-188	435	0.015415
354	FT911-2561	436	0.015053
354	FT911-2374	437	0.014931
354	FT911-5185	438	0.014740
354	FT911-3446	439	0.014476
354	FT911-1418	440	0.014108
354	FT911-821	441	0.014082
354	FT911-855	442	0.014006
354	FT911-141	443	0.013858
354	FT911-4967	444	0.013688
354	FT911-626	445	0.013577
354	FT911-2650	446	0.013527
354	FT911-1617	447	0.013370
354	FT911-382	448	0.013319
354	FT911-3109	449	0.013173
354	FT911-2082	450	0.012942
354	FT911-1070	451	0.012745
354	FT911-2723	452	0.012598
359	FT911-1897	1	0.217015
359	FT911-3149	2	0.187192
359	FT911-4650	3	0.181559
359	FT911-5244	4	0.150805
359	FT911-391	5	0.150380
359	FT911-4652	6	0.139194
359	FT911-3000	7	0.136057
359	FT911-5121	8	0.124423
359	FT911-2452	9	0.116466
359	FT911-3242	10	0.114947
359	FT911-4645	11	0.113052
359	FT911-515	12	0.111434
359	FT911-2637	13	0.108354
359	FT911-4264	14	0.107216
359	FT911-1282	15	0.105076
359	FT911-601	16	0.101704
359	FT911-3276	17	0.098712
359	FT911-934	18	0.097888
359	FT911-5086	19	0.094359
359	FT911-2480	20	0.093515
359	FT911-3404	21	0.091959
359	FT911-1412	22	0.091918
359	FT911-2520	23	0.091453
359	FT911-4679	24	0.088485
359	FT911-2342	25	0.087341
359	FT911-3283	26	0.087307
359	FT911-2009	27	0.085477
359	FT911-4508	28	0.084555
359	FT911-165	29	0.084157
359	FT911-2469	30	0.083550
359	FT911-5150	31	0.082149
359	FT911-1517	32	0.081381
359	FT911-204	33	0.080652
359	FT911-965	34	0.080435
359	FT911-3979	35	0.079373
359	FT911-428	36	0.078244
359	FT911-3406	37	0.077079
359	FT911-1230	38	0.076710
359	FT911-4987	39	0.076444
359	FT911-1719	40	0.076371
359	FT911-4322	41	0.075559
359	FT911-2913	42	0.074952
359	FT911-680	43	0.074659
359	FT911-2712	44	0.072468
359	FT911-1628	45	0.071917
359	FT911-3546	46	0.071656
359	FT911-3914	47	0.071498
359	FT911-1899	48	0.070843
359	FT911-5157	49	0.070521
359	FT911-4647	50	0.069298
359	FT911-2424	51	0.068723
359	FT911-4589	52	0.068382
359	FT911-4368	53	0.068054
359	FT911-4206	54	0.067816
359	FT911-4648	55	0.067181
359	FT911-2063	56	0.067068
359	FT911-4202	57	0.066483
359	FT911-61	58	0.066033
359	FT911-331	59	0.065574
359	FT911-2288	60	0.065343
359	FT911-3260	61	0.064997
359	FT911-3645	62	0.064863
359	FT911-2998	63	0.064770
359	FT911-4583	64	0.063946
359	FT911-2672	65	0.063742
359	FT911-4685	66	0.063696
359	FT911-2983	67	0.062120
359	FT911-1521	68	0.062027
359	FT911-1446	69	0.061856
359	FT911-3986	70	0.061667
359	FT911-1096	71	0.061614
359	FT911-5064	72	0.060803
359	FT911-4270	73	0.059938
359	FT911-2596	74	0.059891
359	FT911-5201	75	0.059286
359	FT911-1309	76	0.059277
359	FT911-1059	77	0.058666
359	FT911-2584	78	0.058356
359	FT911-4642	79	0.058344
359	FT911-4641	80	0.057859
359	FT911-2396	81	0.057765
359	FT911-3743	82	0.057590
359	FT911-4644	83	0.057588
359	FT911-3496	84	0.057511
359	FT911-4649	85	0.056589
359	FT911-4865	86	0.056575
359	FT911-594	87	0.056442
359	FT911-2046	88	0.056201
359	FT911-4467	89	0.055303
359	FT911-1910	90	0.055270
359	FT911-1645	91	0.055192
359	FT911-3248	92	0.055010
359	FT911-4870	93	0.054840
359	FT911-4646	94	0.054787
359	FT911-4095	95	0.054701
359	FT911-1972	96	0.054577
359	FT911-198	97	0.054216
359	FT911-1881	98	0.053971
359	FT911-2222	99	0.053725
359	FT911-220	100	0.053650
359	FT911-3084	101	0.053554
359	FT911-679	102	0.053522
359	FT911-3019	103	0.053241
359	FT911-2982	104	0.053197
359	FT911-4656	105	0.052943
359	FT911-2119	106	0.052941
359	FT911-2032	107	0.052850
359	FT911-2711	108	0.052805
359	FT911-1279	109	0.052607
359	FT911-2100	110	0.052576
359	FT911-392	111	0.052431
359	FT911-4655	112	0.052031
359	FT911-1288	113	0.051920
359	FT911-511	114	0.051869
359	FT911-4654	115	0.051829
359	FT911-1861	116	0.051806
359	FT911-4860	117	0.051760
359	FT911-3534	118	0.051543
359	FT911-2684	119	0.051148
359	FT911-2988	120	0.050969
359	FT911-817	121	0.050933
359	FT911-4595	122	0.050898
359	FT911-1702	123	0.050766
359	FT911-4784	124	0.050604
359	FT911-4651	125	0.050593
359	FT911-4640	126	0.050562
359	FT911-1294	127	0.050494
359	FT911-952	128	0.050130
359	FT911-3330	129	0.049913
359	FT911-4787	130	0.049651
359	FT911-2459	131	0.049631
359	FT911-4653	132	0.049626
359	FT911-697	133	0.049600
359	FT911-2871	134	0.049587
359	FT911-2826	135	0.048774
359	FT911-99	136	0.048614
359	FT911-4271	137	0.048296
359	FT911-2762	138	0.047993
359	FT911-3137	139	0.047843
359	FT911-3102	140	0.047485
359	FT911-870	141	0.047481
359	FT911-4108	142	0.047289
359	FT911-4588	143	0.047232
359	FT911-106	144	0.047013
359	FT911-4980	145	0.047013
359	FT911-5214	146	0.046868
359	FT911-5018	147	0.046729
359	FT911-1474	148	0.046670
359	FT911-4643	149	0.046619
359	FT911-1317	150	0.046503
359	FT911-1180	151	0.046273
359	FT911-3258	152	0.046004
359	FT911-2774	153	0.045706
359	FT911-762	154	0.045572
359	FT911-665	155	0.045445
359	FT911-252	156	0.045410
359	FT911-4862	157	0.045247
359	FT911-5061	158	0.045174
359	FT911-3275	159	0.045110
359	FT911-2374	160	0.045019
359	FT911-3378	161	0.044995
359	FT911-2829	162	0.044901
359	FT911-5129	163	0.044695
359	FT911-5039	164	0.044668
359	FT911-4896	165	0.044617
359	FT911-2175	166	0.044540
359	FT911-1866	167	0.044482
359	FT911-2992	168	0.044426
359	FT911-3805	169	0.044343
359	FT911-533	170	0.044128
359	FT911-4727	171	0.044049
359	FT911-4419	172	0.043911
359	FT911-2209	173	0.043869
359	FT911-407	174	0.043624
359	FT911-4176	175	0.043423
359	FT911-2087	176	0.043305
359	FT911-1963	177	0.043231
359	FT911-3071	178	0.043185
359	FT911-1019	179	0.043016
359	FT911-5284	180	0.042990
359	FT911-250	181	0.042971
359	FT911-1222	182	0.042924
359	FT911-4024	183	0.042294
359	FT911-1909	184	0.042233
359	FT911-3257	185	0.042099
359	FT911-696	186	0.042088
359	FT911-719	187	0.042011
359	FT911-735	188	0.041942
359	FT911-2025	189	0.041928
359	FT911-1556	190	0.041915
359	FT911-1461	191	0.041861
359	FT911-1242	192	0.041632
359	FT911-5162	193	0.041579
359	FT911-713	194	0.041368
359	FT911-3523	195	0.041336
359	FT911-4355	196	0.041246
359	FT911-2994	197	0.041203
359	FT911-4608	198	0.041154
359	FT911-1312	199	0.041079
359	FT911-685	200	0.040956
359	FT911-2421	201	0.040918
359	FT911-3618	202	0.040900
359	FT911-5110	203	0.040869
359	FT911-3380	204	0.040764
359	FT911-5118	205	0.040639
359	FT911-4474	206	0.040610
359	FT911-138	207	0.040586
359	FT911-1693	208	0.040553
359	FT911-2488	209	0.040406
359	FT911-2754	210	0.040327
359	FT911-534	211	0.040237
359	FT911-2589	212	0.040155
359	FT911-2211	213	0.039951
359	FT911-2248	214	0.039913
359	FT911-2026	215	0.039825
359	FT911-2990	216	0.039820
359	FT911-3109	217	0.039718
359	FT911-376	218	0.039702
359	FT911-1150	219	0.039549
359	FT911-5161	220	0.039393
359	FT911-4840	221	0.039383
359	FT911-2916	222	0.039229
359	FT911-5300	223	0.039104
359	FT911-314	224	0.039098
359	FT911-4895	225	0.039027
359	FT911-2985	226	0.038855
359	FT911-938	227	0.038843
359	FT911-5240	228	0.038831
359	FT911-1414	229	0.038727
359	FT911-604	230	0.038648
359	FT911-1179	231	0.038516
359	FT911-4200	232	0.038498
359	FT911-3868	233	0.038409
359	FT911-5324	234	0.038407
359	FT911-1587	235	0.038404
359	FT911-1048	236	0.038389
359	FT911-3184	237	0.038097
359	FT911-3043	238	0.038061
359	FT911-2465	239	0.038059
359	FT911-3563	240	0.037891
359	FT911-5030	241	0.037798
359	FT911-4504	242	0.037726
359	FT911-4098	243	0.037688
359	FT911-2850	244	0.037609
359	FT911-942	245	0.037582
359	FT911-595	246	0.037454
359	FT911-5274	247	0.037422
359	FT911-1055	248	0.037244
359	FT911-1673	249	0.037220
359	FT911-2773	250	0.037125
359	FT911-1445	251	0.036734
359	FT911-514	252	0.036723
359	FT911-3498	253	0.036428
359	FT911-4207	254	0.036407
359	FT911-664	255	0.036397
359	FT911-674	256	0.036276
359	FT911-3281	257	0.036274
359	FT911-3559	258	0.036274
359	FT911-2533	259	0.036159
359	FT911-1584	260	0.036154
359	FT911-5099	261	0.036140
359	FT911-128	262	0.036051
359	FT911-2521	263	0.036039
359	FT911-1839	264	0.035953
359	FT911-918	265	0.035923
359	FT911-1125	266	0.035911
359	FT911-4373	267	0.035910
359	FT911-1701	268	0.035871
359	FT911-452	269	0.035871
359	FT911-4162	270	0.035869
359	FT911-3774	271	0.035786
359	FT911-3630	272	0.035689
359	FT911-5299	273	0.035635
359	FT911-5168	274	0.035624
359	FT911-2414	275	0.035623
359	FT911-2194	276	0.035601
359	FT911-3311	277	0.035552
359	FT911-4639	278	0.035526
359	FT911-4973	279	0.035492
359	FT911-2978	280	0.035483
359	FT911-830	281	0.035437
359	FT911-1942	282	0.035291
359	FT911-4627	283	0.035283
359	FT911-4883	284	0.035225
359	FT911-2923	285	0.035211
359	FT911-1463	286	0.035115
359	FT911-4786	287	0.035082
359	FT911-5200	288	0.035021
359	FT911-1731	289	0.034981
359	FT911-2689	290	0.034714
359	FT911-1572	291	0.034686
359	FT911-4396	292	0.034546
359	FT911-4486	293	0.034499
359	FT911-4615	294	0.034344
359	FT911-4213	295	0.034313
359	FT911-152	296	0.034304
359	FT911-1848	297	0.034135
359	FT911-4972	298	0.033982
359	FT911-4339	299	0.033967
359	FT911-1803	300	0.033916
359	FT911-4938	301	0.033803
359	FT911-1688	302	0.033744
359	FT911-2437	303	0.033729
359	FT911-508	304	0.033558
359	FT911-2287	305	0.033492
359	FT911-3890	306	0.033474
359	FT911-3591	307	0.033473
359	FT911-3939	308	0.033472
359	FT911-3293	309	0.033471
359	FT911-4848	310	0.033440
359	FT911-2627	311	0.033225
359	FT911-4596	312	0.033034
359	FT911-3209	313	0.033032
359	FT911-4935	314	0.032988
359	FT911-1700	315	0.032976
359	FT911-4789	316	0.032907
359	FT911-4538	317	0.032839
359	FT911-1994	318	0.032522
359	FT911-190	319	0.032472
359	FT911-2984	320	0.032389
359	FT911-4027	321	0.032220
359	FT911-1601	322	0.032214
359	FT911-1712	323	0.032043
359	FT911-2816	324	0.031937
359	FT911-3012	325	0.031784
359	FT911-790	326	0.031643
359	FT911-630	327	0.031588
359	FT911-3044	328	0.031508
359	FT911-899	329	0.031421
359	FT911-5309	330	0.031421
359	FT911-3312	331	0.031372
359	FT911-2892	332	0.031259
359	FT911-5296	333	0.031232
359	FT911-3027	334	0.031130
359	FT911-1729	335	0.031067
359	FT911-2615	336	0.031035
359	FT911-531	337	0.031020
359	FT911-3289	338	0.030933
359	FT911-3229	339	0.030888
359	FT911-3830	340	0.030844
359	FT911-4929	341	0.030783
359	FT911-3183	342	0.030661
359	FT911-436	343	0.030559
359	FT911-1147	344	0.030528
359	FT911-315	345	0.030518
359	FT911-1027	346	0.030420
359	FT911-2197	347	0.030354
359	FT911-3001	348	0.030252
359	FT911-1629	349	0.030182
359	FT911-1830	350	0.030173
359	FT911-1836	351	0.030162
359	FT911-693	352	0.030125
359	FT911-33	353	0.030079
359	FT911-35	354	0.030021
359	FT911-22	355	0.029871
359	FT911-4836	356	0.029770
359	FT911-3013	357	0.029721
359	FT911-765	358	0.029709
359	FT911-4904	359	0.029624
359	FT911-2772	360	0.029561
359	FT911-201	361	0.029384
359	FT911-1026	362	0.029378
359	FT911-1056	363	0.029314
359	FT911-2165	364	0.029313
359	FT911-2454	365	0.029193
359	FT911-1462	366	0.028980
359	FT911-936	367	0.028949
359	FT911-1827	368	0.028922
359	FT911-5190	369	0.028824
359	FT911-435	370	0.028690
359	FT911-2848	371	0.028628
359	FT911-725	372	0.028534
359	FT911-2174	373	0.028488
359	FT911-3440	374	0.028458
359	FT911-3709	375	0.028340
359	FT911-270	376	0.028286
359	FT911-3701	377	0.028146
359	FT911-5323	378	0.028119
359	FT911-2406	379	0.027942
359	FT911-4849	380	0.027927
359	FT911-2486	381	0.027909
359	FT911-3014	382	0.027856
359	FT911-2644	383	0.027725
359	FT911-226	384	0.027625
359	FT911-2343	385	0.027590
359	FT911-2671	386	0.027496
359	FT911-1511	387	0.027471
359	FT911-4551	388	0.027444
359	FT911-3551	389	0.027442
359	FT911-2298	390	0.027366
359	FT911-5158	391	0.027332
359	FT911-3895	392	0.027331
359	FT911-5295	393	0.027281
359	FT911-2569	394	0.027139
359	FT911-2940	395	0.027114
359	FT911-4785	396	0.027045
359	FT911-1194	397	0.027038
359	FT911-5186	398	0.027026
359	FT911-197	399	0.026958
359	FT911-1953	400	0.026930
359	FT911-1635	401	0.026863
359	FT911-3420	402	0.026794
359	FT911-5068	403	0.026744
359	FT911-2555	404	0.026711
359	FT911-5120	405	0.026656
359	FT911-4450	406	0.026652
359	FT911-3141	407	0.026635
359	FT911-5196	408	0.026454
359	FT911-4699	409	0.026316
359	FT911-4334	410	0.026312
359	FT911-3633	411	0.026169
359	FT911-2989	412	0.026144
359	FT911-1107	413	0.026119
359	FT911-3307	414	0.026106
359	FT911-1384	415	0.025988
359	FT911-2844	416	0.025983
359	FT911-1195	417	0.025966
359	FT911-1842	418	0.025932
359	FT911-4792	419	0.025900
359	FT911-4013	420	0.025889
359	FT911-5253	421	0.025878
359	FT911-1614	422	0.025782
359	FT911-142	423	0.025734
359	FT911-2997	424	0.025608
359	FT911-4432	425	0.025477
359	FT911-1105	426	0.025468
359	FT911-530	427	0.025411
359	FT911-298	428	0.025404
359	FT911-324	429	0.025273
359	FT911-4928	430	0.024919
359	FT911-4437	431	0.024883
359	FT911-3781	432	0.024881
359	FT911-2842	433	0.024881
359	FT911-635	434	0.024765
359	FT911-3347	435	0.024744
359	FT911-5122	436	0.024740
359	FT911-512	437	0.024664
359	FT911-2602	438	0.024622
359	FT911-4889	439	0.024516
359	FT911-4442	440	0.024458
359	FT911-4226	441	0.024440
359	FT911-1647	442	0.024436
359	FT911-2297	443	0.024433
359	FT911-326	444	0.024429
359	FT911-829	445	0.024416
359	FT911-1696	446	0.024408
359	FT911-799	447	0.024365
359	FT911-3783	448	0.024325
359	FT911-3494	449	0.024286
359	FT911-3670	450	0.024266
359	FT911-4253	451	0.024265
359	FT911-3900	452	0.024257
359	FT911-2864	453	0.024250
359	FT911-4774	454	0.024230
359	FT911-821	455	0.024074
359	FT911-2980	456	0.024072
359	FT911-1592	457	0.024051
359	FT911-3629	458	0.024046
359	FT911-4224	459	0.024013
359	FT911-3046	460	0.023951
359	FT911-2503	461	0.023942
359	FT911-603	462	0.023933
359	FT911-687	463	0.023919
359	FT911-1564	464	0.023906
359	FT911-930	465	0.023878
359	FT911-957	466	0.023868
359	FT911-2102	467	0.023842
359	FT911-2693	468	0.023782
359	FT911-5172	469	0.023757
359	FT911-3077	470	0.023744
359	FT911-2683	471	0.023709
359	FT911-5339	472	0.023696
359	FT911-4665	473	0.023669
359	FT911-20	474	0.023667
359	FT911-461	475	0.023593
359	FT911-5020	476	0.023588
359	FT911-3024	477	0.023576
359	FT911-1699	478	0.023530
359	FT911-2419	479	0.023491
359	FT911-4251	480	0.023476
359	FT911-4137	481	0.023471
359	FT911-2055	482	0.023456
359	FT911-4680	483	0.023435
359	FT911-27	484	0.023433
359	FT911-1529	485	0.023391
359	FT911-1302	486	0.023344
359	FT911-3038	487	0.023335
359	FT911-4875	488	0.023322
359	FT911-3499	489	0.023292
359	FT911-4391	490	0.023280
359	FT911-2854	491	0.023207
359	FT911-1639	492	0.023199
359	FT911-2696	493	0.023185
359	FT911-396	494	0.023138
359	FT911-2466	495	0.023120
359	FT911-1664	496	0.023087
359	FT911-1985	497	0.023052
359	FT911-148	498	0.023006
359	FT911-1459	499	0.022969
359	FT911-1495	500	0.022908
359	FT911-1245	501	0.022904
359	FT911-2230	502	0.022873
359	FT911-1265	503	0.022848
359	FT911-4060	504	0.022846
359	FT911-4121	505	0.022840
359	FT911-2736	506	0.022783
359	FT911-2557	507	0.022762
359	FT911-2115	508	0.022761
359	FT911-5119	509	0.022691
359	FT911-3092	510	0.022668
359	FT911-844	511	0.022629
359	FT911-34	512	0.022604
359	FT911-3768	513	0.022574
359	FT911-1499	514	0.022547
359	FT911-3742	515	0.022497
359	FT911-2595	516	0.022497
359	FT911-2677	517	0.022486
359	FT911-5317	518	0.022360
359	FT911-4921	519	0.022350
359	FT911-39	520	0.022293
359	FT911-3571	521	0.022221
359	FT911-1965	522	0.022221
359	FT911-4051	523	0.022207
359	FT911-2911	524	0.022200
359	FT911-4119	525	0.022180
359	FT911-5269	526	0.022169
359	FT911-576	527	0.022167
359	FT911-3230	528	0.022134
359	FT911-4825	529	0.022131
359	FT911-4552	530	0.022096
359	FT911-550	531	0.022074
359	FT911-2995	532	0.022067
359	FT911-976	533	0.022061
359	FT911-3438	534	0.022027
359	FT911-2841	535	0.022014
359	FT911-3026	536	0.021973
359	FT911-4240	537	0.021963
359	FT911-2054	538	0.021909
359	FT911-1539	539	0.021863
359	FT911-3576	540	0.021788
359	FT911-3181	541	0.021765
359	FT911-3327	542	0.021708
359	FT911-4433	543	0.021685
359	FT911-3663	544	0.021672
359	FT911-92	545	0.021668
359	FT911-1343	546	0.021662
359	FT911-2196	547	0.021629
359	FT911-903	548	0.021621
359	FT911-5111	549	0.021527
359	FT911-4459	550	0.021485
359	FT911-4140	551	0.021465
359	FT911-1600	552	0.021448
359	FT911-4531	553	0.021447
359	FT911-3094	554	0.021415
359	FT911-210	555	0.021404
359	FT911-1526	556	0.021389
359	FT911-2299	557	0.021388
359	FT911-2336	558	0.021381
359	FT911-4907	559	0.021332
359	FT911-4902	560	0.021320
359	FT911-2717	561	0.021306
359	FT911-1868	562	0.021296
359	FT911-2420	563	0.021240
359	FT911-4040	564	0.021226
359	FT911-2017	565	0.021224
359	FT911-3462	566	0.021121
359	FT911-1029	567	0.021096
359	FT911-5035	568	0.021015
359	FT911-1691	569	0.020964
359	FT911-3833	570	0.020952
359	FT911-4664	571	0.020950
359	FT911-187	572	0.020907
359	FT911-2341	573	0.020902
359	FT911-2451	574	0.020888
359	FT911-1978	575	0.020878
359	FT911-3345	576	0.020859
359	FT911-5137	577	0.020850
359	FT911-1154	578	0.020830
359	FT911-3342	579	0.020785
359	FT911-3578	580	0.020757
359	FT911-1831	581	0.020738
359	FT911-2539	582	0.020693
359	FT911-904	583	0.020670
359	FT911-3407	584	0.020639
359	FT911-1191	585	0.020565
359	FT911-3005	586	0.020462
359	FT911-4117	587	0.020450
359	FT911-2223	588	0.020437
359	FT911-36	589	0.020399
359	FT911-640	590	0.020329
359	FT911-3417	591	0.020325
359	FT911-4863	592	0.020321
359	FT911-1124	593	0.020262
359	FT911-282	594	0.020214
359	FT911-1123	595	0.020163
359	FT911-1763	596	0.020140
359	FT911-1389	597	0.020128
359	FT911-1408	598	0.020088
359	FT911-521	599	0.019974
359	FT911-1815	600	0.019951
359	FT911-1122	601	0.019918
359	FT911-2514	602	0.019898
359	FT911-1546	603	0.019859
359	FT911-3623	604	0.019848
359	FT911-216	605	0.019836
359	FT911-564	606	0.019796
359	FT911-1971	607	0.019787
359	FT911-2776	608	0.019776
359	FT911-4278	609	0.019774
359	FT911-1792	610	0.019767
359	FT911-5098	611	0.019747
359	FT911-2723	612	0.019696
359	FT911-4092	613	0.019648
359	FT911-3323	614	0.019607
359	FT911-2181	615	0.019533
359	FT911-2027	616	0.019471
359	FT911-3711	617	0.019418
359	FT911-1541	618	0.019408
359	FT911-5206	619	0.019406
359	FT911-4353	620	0.019390
359	FT911-3876	621	0.019385
359	FT911-548	622	0.019304
359	FT911-3726	623	0.019281
359	FT911-3256	624	0.019224
359	FT911-1371	625	0.019214
359	FT911-1741	626	0.019211
359	FT911-3336	627	0.019181
359	FT911-12	628	0.019148
359	FT911-5231	629	0.019133
359	FT911-853	630	0.019132
359	FT911-1623	631	0.019119
359	FT911-1946	632	0.019043
359	FT911-2438	633	0.018912
359	FT911-3468	634	0.018884
359	FT911-2700	635	0.018876
359	FT911-727	636	0.018841
359	FT911-1682	637	0.018839
359	FT911-4657	638	0.018824
359	FT911-2636	639	0.018815
359	FT911-2185	640	0.018814
359	FT911-4225	641	0.018791
359	FT911-3585	642	0.018758
359	FT911-912	643	0.018721
359	FT911-3672	644	0.018697
359	FT911-1316	645	0.018685
359	FT911-2833	646	0.018657
359	FT911-4015	647	0.018608
359	FT911-4177	648	0.018595
359	FT911-4901	649	0.018576
359	FT911-1616	650	0.018550
359	FT911-1642	651	0.018542
359	FT911-4614	652	0.018495
359	FT911-5102	653	0.018416
359	FT911-151	654	0.018403
359	FT911-401	655	0.018331
359	FT911-2320	656	0.018311
359	FT911-2922	657	0.018266
359	FT911-336	658	0.018237
359	FT911-4839	659	0.018205
359	FT911-585	660	0.018180
359	FT911-4981	661	0.018173
359	FT911-4059	662	0.018156
359	FT911-810	663	0.018137
359	FT911-5232	664	0.018093
359	FT911-5116	665	0.018090
359	FT911-4702	666	0.018081
359	FT911-143	667	0.018075
359	FT911-3004	668	0.018070
359	FT911-2205	669	0.018065
359	FT911-2535	670	0.018056
359	FT911-2436	671	0.017976
359	FT911-4058	672	0.017913
359	FT911-5117	673	0.017863
359	FT911-2064	674	0.017853
359	FT911-1966	675	0.017823
359	FT911-2082	676	0.017794
359	FT911-3927	677	0.017786
359	FT911-760	678	0.017758
359	FT911-3654	679	0.017715
359	FT911-3491	680	0.017714
359	FT911-157	681	0.017684
359	FT911-5359	682	0.017661
359	FT911-2674	683	0.017563
359	FT911-3259	684	0.017550
359	FT911-1070	685	0.017523
359	FT911-2545	686	0.017513
359	FT911-5176	687	0.017459
359	FT911-845	688	0.017411
359	FT911-3187	689	0.017379
359	FT911-1531	690	0.017378
359	FT911-1405	691	0.017336
359	FT911-949	692	0.017331
359	FT911-3655	693	0.017122
359	FT911-2987	694	0.017109
359	FT911-2915	695	0.017062
359	FT911-4009	696	0.017051
359	FT911-4720	697	0.016973
359	FT911-3154	698	0.016808
359	FT911-2556	699	0.016724
359	FT911-1924	700	0.016701
359	FT911-2561	701	0.016698
359	FT911-2996	702	0.016697
359	FT911-5038	703	0.016572
359	FT911-3484	704	0.016522
359	FT911-2334	705	0.016401
359	FT911-3787	706	0.016397
359	FT911-5185	707	0.016351
359	FT911-3003	708	0.016322
359	FT911-1945	709	0.016318
359	FT911-3804	710	0.016276
359	FT911-2624	711	0.016137
359	FT911-1411	712	0.016104
359	FT911-1314	713	0.016061
359	FT911-2069	714	0.016031
359	FT911-755	715	0.016009
359	FT911-4005	716	0.015764
359	FT911-4076	717	0.015664
359	FT911-4625	718	0.015638
359	FT911-4869	719	0.015510
359	FT911-2893	720	0.015392
359	FT911-5338	721	0.015385
359	FT911-141	722	0.015372
359	FT911-1092	723	0.015334
359	FT911-3795	724	0.015202
359	FT911-2650	725	0.015005
359	FT911-3450	726	0.014996
359	FT911-1954	727	0.014984
359	FT911-3023	728	0.014976
359	FT911-4025	729	0.014971
359	FT911-439	730	0.014928
359	FT911-3395	731	0.014926
359	FT911-2625	732	0.014846
359	FT911-4318	733	0.014792
359	FT911-21	734	0.014782
359	FT911-4798	735	0.014680
359	FT911-1248	736	0.014638
359	FT911-2853	737	0.014635
359	FT911-4186	738	0.014608
359	FT911-1535	739	0.014539
359	FT911-3304	740	0.014515
359	FT911-1042	741	0.014508
359	FT911-2962	742	0.014434
359	FT911-3432	743	0.014433
359	FT911-4103	744	0.014418
359	FT911-3402	745	0.014366
359	FT911-5052	746	0.014319
359	FT911-4553	747	0.014297
359	FT911-3570	748	0.014291
359	FT911-4102	749	0.014277
359	FT911-2067	750	0.014259
359	FT911-2692	751	0.014150
359	FT911-1226	752	0.014141
359	FT911-3008	753	0.014110
359	FT911-1715	754	0.014098
359	FT911-3362	755	0.014076
359	FT911-2851	756	0.014042
359	FT911-2548	757	0.014032
359	FT911-4463	758	0.014024
359	FT911-3567	759	0.014024
359	FT911-4216	760	0.014013
359	FT911-1522	761	0.013963
359	FT911-3018	762	0.013902
359	FT911-1241	763	0.013814
359	FT911-5103	764	0.013756
359	FT911-1689	765	0.013735
359	FT911-540	766	0.013695
359	FT911-248	767	0.013665
359	FT911-1950	768	0.013664
359	FT911-1962	769	0.013664
359	FT911-312	770	0.013654
359	FT911-265	771	0.013651
359	FT911-3535	772	0.013611
359	FT911-3947	773	0.013554
359	FT911-4970	774	0.013454
359	FT911-3533	775	0.013451
359	FT911-2991	776	0.013439
359	FT911-3543	777	0.013411
359	FT911-5036	778	0.013409
359	FT911-328	779	0.013407
359	FT911-2368	780	0.013396
359	FT911-4894	781	0.013384
359	FT911-4134	782	0.013333
359	FT911-3418	783	0.013319
359	FT911-4790	784	0.013291
359	FT911-3156	785	0.013287
359	FT911-842	786	0.013279
359	FT911-351	787	0.013255
359	FT911-1318	788	0.013219
359	FT911-3791	789	0.013135
359	FT911-902	790	0.013129
359	FT911-1534	791	0.013107
359	FT911-374	792	0.012979
359	FT911-5015	793	0.012964
359	FT911-3693	794	0.012958
359	FT911-2698	795	0.012933
359	FT911-2053	796	0.012894
359	FT911-4890	797	0.012866
359	FT911-3897	798	0.012811
359	FT911-4794	799	0.012809
359	FT911-5041	800	0.012753
359	FT911-4663	801	0.012753
359	FT911-1581	802	0.012699
359	FT911-4487	803	0.012691
359	FT911-370	804	0.012690
359	FT911-4384	805	0.012395
359	FT911-1247	806	0.012266
359	FT911-2543	807	0.012257
359	FT911-5294	808	0.012221
359	FT911-4193	809	0.012220
359	FT911-3782	810	0.012196
359	FT911-169	811	0.012170
359	FT911-4797	812	0.012167
359	FT911-770	813	0.012125
359	FT911-1681	814	0.012103
359	FT911-1780	815	0.012090
359	FT911-2823	816	0.012048
359	FT911-4263	817	0.012004
359	FT911-4791	818	0.011985
359	FT911-2551	819	0.011948
359	FT911-1109	820	0.011921
359	FT911-1455	821	0.011919
359	FT911-4190	822	0.011824
359	FT911-466	823	0.011819
359	FT911-380	824	0.011786
359	FT911-354	825	0.011749
359	FT911-756	826	0.011741
359	FT911-1595	827	0.011644
359	FT911-311	828	0.011636
359	FT911-186	829	0.011617
359	FT911-3435	830	0.011604
359	FT911-2951	831	0.011603
359	FT911-5350	832	0.011556
359	FT911-3408	833	0.011553
359	FT911-4017	834	0.011402
359	FT911-1063	835	0.011329
359	FT911-4753	836	0.011315
359	FT911-1304	837	0.011302
359	FT911-377	838	0.011290
359	FT911-1501	839	0.011279
359	FT911-3792	840	0.011275
359	FT911-3443	841	0.011247
359	FT911-3437	842	0.011236
359	FT911-3786	843	0.011172
359	FT911-3398	844	0.011073
359	FT911-3793	845	0.011024
359	FT911-4458	846	0.010992
359	FT911-3918	847	0.010989
359	FT911-3907	848	0.010984
359	FT911-1006	849	0.010980
359	FT911-414	850	0.010970
359	FT911-1223	851	0.010921
359	FT911-4801	852	0.010818
359	FT911-1979	853	0.010775
359	FT911-383	854	0.010753
359	FT911-498	855	0.010680
359	FT911-5042	856	0.010665
359	FT911-1508	857	0.010634
359	FT911-4067	858	0.010583
359	FT911-2809	859	0.010402
359	FT911-2620	860	0.010230
359	FT911-3006	861	0.010137
359	FT911-241	862	0.010126
359	FT911-188	863	0.010099
359	FT911-478	864	0.010061
359	FT911-1773	865	0.009972
359	FT911-133	866	0.009578
359	FT911-5177	867	0.009568
359	FT911-3446	868	0.009484
359	FT911-1078	869	0.009183
359	FT911-855	870	0.009176
359	FT911-1617	871	0.008759
359	FT911-382	872	0.008726
359	FT911-2118	873	0.008713
359	FT911-484	874	0.008274
359	FT911-3459	875	0.007970
359	FT911-1370	876	0.007399
359	FT911-4057	877	0.006939
359	FT911-2661	878	0.006243
